MEMORY
  total           16349 KB
  struct            158 KB
  buffer            831 KB
  arena           15360 KB, used 0.9%

SIZES
  narena                15728640
  nbuffer               851136
  nplugin               0
  maxuse_stack          56068
  maxuse_arena          143220
  maxuse_con            28
  maxuse_efc            112
  ncon                  3
  ne                    0
  nf                    0
  nl                    0
  nefc                  12
  nJ                    420
  nY                    0
  nA                    0
  nisland               1
  nidof                 35
  ntree_awake           1
  nbody_awake           32
  nparent_awake         31
  nv_awake              35
  flg_energypos         0
  flg_energyvel         0
  flg_subtreevel        1
  flg_rnepost           1
  threadpool            0

TIMER
    0:  duration =  0          number = 0
    1:  duration =  8.2e+02    number = 4184
    2:  duration =  0          number = 0
    3:  duration =  5.2e+02    number = 4184
    4:  duration =  34         number = 4184
    5:  duration =  13         number = 4184
    6:  duration =  1.8e+02    number = 4184
    7:  duration =  0          number = 0
    8:  duration =  75         number = 4184
    9:  duration =  34         number = 4184
    10:  duration =  3.5e+02    number = 4184
    11:  duration =  61         number = 4184
    12:  duration =  0.86       number = 4184
    13:  duration =  49         number = 4184
    14:  duration =  63         number = 4184

SOLVER STAT
  solver_fwdinv =   0         0       
  ISLAND 0
    solver_niter = 1
    solver_nnz = 1225
      0:  improvement =  46          gradient =  5.4e-15     lineslope =  0       
          nactive = 10   nchange = 0   neval = 2   nupdate = 0

ENERGY =   0         0       

TIME =  0       

QPOS
   2       
  -6.1     
   0.79    
   0.088   
  -0.049   
  -0.011   
  -0.99    
   0.11    
   0.007   
   0.046   
   0.19    
  -0.24    
  -0.061   
   0.074   
  -0.24    
  -0.17    
   0.17    
  -0.089   
   0.016   
   0.052   
  -0.018   
   0.13    
   1.1     
   0.32    
   0.22    
   0.93    
   0.15    
  -0.025   
  -0.19    
   0.66    
  -0.66    
  -0.49    
   0.86    
  -0.015   
   0.1     
   0.016   

QVEL
  -0.0067  
  -0.037   
  -0.0046  
  -0.044   
   0.052   
   0.23    
  -0.22    
  -0.082   
  -0.51    
   0.27    
   0.13    
  -0.45    
   0.11    
  -0.17    
  -0.77    
  -0.11    
   0.39    
   1.1     
  -0.39    
  -0.051   
  -0.15    
   0.18    
  -0.1     
   0.93    
  -0.58    
   1.1     
   0.52    
  -0.68    
  -0.15    
   0.066   
   0.59    
   0.41    
   1.3     
  -0.82    
  -0.72    

QACC_WARMSTART
   0       
   0       
   0       
   0       
   0       
   0       
   0       
   0       
   0       
   0       
   0       
   0       
   0       
   0       
   0       
   0       
   0       
   0       
   0       
   0       
   0       
   0       
   0       
   0       
   0       
   0       
   0       
   0       
   0       
   0       
   0       
   0       
   0       
   0       
   0       

CTRL
   4.9     
   0.76    
   1.8     
  -0.58    
   1.7     
   2.2     
  -3.8     
   0.075   
   1.2     
   1.7     
  -11      
  -7.2     
   3.2     
  -2.4     
  -3.2     
   5.4     
  -8.2     
  -6       
   0.52    
   1.5     
  -1.5     
  -1.4     
  -1.7     
  -6.4     
   3.9     
  -7.5     
  -4.2     
   15      
  -1.1     

QFRC_APPLIED
   0       
   0       
   0       
   0       
   0       
   0       
   0       
   0       
   0       
   0       
   0       
   0       
   0       
   0       
   0       
   0       
   0       
   0       
   0       
   0       
   0       
   0       
   0       
   0       
   0       
   0       
   0       
   0       
   0       
   0       
   0       
   0       
   0       
   0       
   0       

XFRC_APPLIED
   0         0         0         0         0         0       
   0         0         0         0         0         0       
   0         0         0         0         0         0       
   0         0         0         0         0         0       
   0         0         0         0         0         0       
   0         0         0         0         0         0       
   0         0         0         0         0         0       
   0         0         0         0         0         0       
   0         0         0         0         0         0       
   0         0         0         0         0         0       
   0         0         0         0         0         0       
   0         0         0         0         0         0       
   0         0         0         0         0         0       
   0         0         0         0         0         0       
   0         0         0         0         0         0       
   0         0         0         0         0         0       
   0         0         0         0         0         0       
   0         0         0         0         0         0       
   0         0         0         0         0         0       
   0         0         0         0         0         0       
   0         0         0         0         0         0       
   0         0         0         0         0         0       
   0         0         0         0         0         0       
   0         0         0         0         0         0       
   0         0         0         0         0         0       
   0         0         0         0         0         0       
   0         0         0         0         0         0       
   0         0         0         0         0         0       
   0         0         0         0         0         0       
   0         0         0         0         0         0       
   0         0         0         0         0         0       
   0         0         0         0         0         0       

QACC
  -2.4     
   1.1     
   0.3     
   28      
   22      
   1e+02   
  -89      
  -90      
  -2.7e+02 
   1.1e+02 
  -58      
  -2.5e+02 
   66      
  -78      
  -2.3e+02 
  -86      
   1.1e+02 
   4.3e+02 
  -1.4e+02 
  -57      
  -37      
   82      
  -1e+02   
   3e+02   
  -2.2e+02 
   4.4e+02 
   2.7e+02 
  -3.2e+02 
  -80      
  -75      
   2.5e+02 
   2.3e+02 
   4.4e+02 
  -2.8e+02 
  -3.2e+02 

SENSOR
  -0.044   
   0.052   
   0.23    
   0.0083  
   0.042   
  -0.0087  
   1.4     
   5.5     
   8.8     
   0.17    
   0.13    
  -0.1     
   2       
   26      
  -17      
  -1.9e+02 
   1       
  -26      
   26      
  -1.5e+02 
   0       
   0       
   0       
   0       

TREE_ASLEEP
  -11

XPOS
   0         0         0       
   0         0         0       
   2        -6.1       0.79    
   2        -6.2       0.68    
   2        -6.2       0.65    
   1.9      -6.2       0.54    
   2        -6.2       0.35    
   2        -6.2       0.054   
   2        -6.2       0.037   
   1.9      -6         0.68    
   1.9      -6         0.65    
   1.9      -6         0.54    
   1.9      -5.9       0.35    
   2        -5.9       0.057   
   2        -5.9       0.04    
   2        -6.1       0.79    
   2        -6.1       0.83    
   2        -6.1       0.83    
   2        -6.2       1.1     
   2        -6.2       1.1     
   2.1      -6.2       1       
   2.2      -6.2       0.99    
   2.2      -6.3       0.91    
   2.3      -6.3       0.88    
   2.3      -6.3       0.85    
   1.9      -6         1.1     
   1.9      -6         1.1     
   2        -5.9       1       
   2        -5.8       0.97    
   2        -5.7       0.91    
   2        -5.7       0.88    
   2        -5.7       0.86    

XQUAT
   1         0         0         0       
   1         0         0         0       
   0.088    -0.049    -0.011    -0.99    
   0.088     0.0078   -0.0055   -1       
   0.088    -0.079    -0.017    -0.99    
   0.11     -0.079    -0.015    -0.99    
   0.11      0.1       0.0057   -0.99    
   0.11     -0.013    -0.0075   -0.99    
   0.11     -0.017     0.023    -0.99    
   0.088    -0.013    -0.0073   -1       
   0.075    -0.11      0.1      -0.99    
  -0.0073   -0.12      0.095    -0.99    
  -0.023     0.052     0.092    -0.99    
  -0.019     0.0078    0.093    -1       
  -0.019     0.0077    0.085    -1       
   0.11     -0.049    -0.0093   -0.99    
   0.11     -0.05     -0.00059  -0.99    
   0.11      0.014     0.0067   -0.99    
   0.16      0.53     -0.057    -0.83    
   0.15      0.53     -0.072    -0.83    
   0.24      0.52     -0.13     -0.81    
   0.27      0.83     -0.0077   -0.49    
   0.21      0.85     -0.044    -0.49    
   0.21      0.84     -0.047    -0.5     
   0.16      0.84      0.033    -0.52    
   0.061     0.32      0.17     -0.93    
   0.12      0.3       0.35     -0.88    
  -0.098     0.2       0.41     -0.88    
  -0.26      0.56      0.33     -0.72    
  -0.26      0.56      0.34     -0.71    
  -0.28      0.59      0.32     -0.68    
  -0.27      0.6       0.32     -0.69    

XMAT
   1         0         0         0         1         0         0         0         1       
   1         0         0         0         1         0         0         0         1       
  -0.98      0.18      0.096    -0.17     -0.98      0.03      0.1       0.012     0.99    
  -0.98      0.18     -0.016    -0.18     -0.98      0.0096   -0.015     0.012     1       
  -0.97      0.18      0.15     -0.17     -0.98      0.047     0.16      0.019     0.99    
  -0.96      0.22      0.15     -0.22     -0.97      0.047     0.16      0.012     0.99    
  -0.95      0.22     -0.2      -0.22     -0.97     -0.035    -0.21      0.012     0.98    
  -0.97      0.22      0.025    -0.22     -0.97      0.018     0.028     0.012     1       
  -0.97      0.22      0.038    -0.22     -0.97     -0.042     0.028    -0.05      1       
  -0.98      0.18      0.024    -0.18     -0.98      0.017     0.026     0.012     1       
  -0.96      0.12      0.23     -0.17     -0.97     -0.19      0.2      -0.22      0.95    
  -0.97     -0.037     0.23     -0.0079   -0.98     -0.19      0.23     -0.19      0.95    
  -0.99     -0.037    -0.11      0.056    -0.98     -0.18     -0.099    -0.19      0.98    
  -1        -0.037    -0.019     0.039    -0.98     -0.18     -0.012    -0.19      0.98    
  -1        -0.037    -0.019     0.039    -0.98     -0.17     -0.012    -0.17      0.99    
  -0.97      0.23      0.096    -0.23     -0.97      0.03      0.1       0.0072    0.99    
  -0.97      0.23      0.1      -0.23     -0.97      0.013     0.1      -0.01      0.99    
  -0.97      0.23     -0.026    -0.23     -0.97     -0.016    -0.029    -0.01      1       
  -0.39      0.21     -0.9      -0.33     -0.94     -0.077    -0.86      0.27      0.44    
  -0.39      0.18     -0.9      -0.33     -0.94     -0.041    -0.86      0.28      0.42    
  -0.34      0.26     -0.9      -0.53     -0.85     -0.041    -0.78      0.46      0.42    
   0.52      0.26     -0.81     -0.28     -0.85     -0.45     -0.81      0.46     -0.37    
   0.52      0.13     -0.84     -0.28     -0.91     -0.31     -0.81      0.4      -0.44    
   0.5       0.13     -0.86     -0.29     -0.91     -0.31     -0.82      0.4      -0.42    
   0.47      0.22     -0.86     -0.11     -0.94     -0.31     -0.88      0.24     -0.42    
  -0.79      0.22     -0.57     -0.003    -0.93     -0.36     -0.61     -0.29      0.74    
  -0.79      0.42     -0.44     -0.003    -0.73     -0.69     -0.61     -0.54      0.58    
  -0.9      -0.0048   -0.44      0.34     -0.64     -0.69     -0.28     -0.77      0.58    
  -0.25     -0.0048   -0.97      0.74     -0.64     -0.19     -0.62     -0.77      0.16    
  -0.25      0.0093   -0.97      0.74     -0.64     -0.19     -0.62     -0.77      0.15    
  -0.14      0.0093   -0.99      0.76     -0.64     -0.12     -0.63     -0.77      0.084   
  -0.14      0.012    -0.99      0.75     -0.65     -0.12     -0.65     -0.76      0.084   

XIPOS
   0         0         0       
   0         0         0       
   2        -6.1       0.71    
   2        -6.2       0.66    
   1.9      -6.2       0.57    
   2        -6.2       0.38    
   2        -6.2       0.23    
   2.1      -6.2       0.065   
   2        -6.2       0.021   
   1.9      -6         0.66    
   1.9      -6         0.57    
   1.9      -5.9       0.38    
   1.9      -5.9       0.23    
   2        -5.9       0.068   
   1.9      -5.9       0.023   
   2        -6.1       0.8     
   2        -6.1       0.83    
   2        -6.1       1       
   2        -6.2       1.1     
   2.1      -6.2       1.1     
   2.2      -6.2       1       
   2.2      -6.2       0.94    
   2.2      -6.3       0.9     
   2.3      -6.3       0.86    
   2.3      -6.3       0.78    
   1.9      -6         1.1     
   2        -5.9       1       
   2        -5.8       0.97    
   2        -5.8       0.93    
   2        -5.7       0.9     
   2        -5.7       0.87    
   2        -5.6       0.81    

XIMAT
   1         0         0         0         1         0         0         0         1       
   1         0         0         0         1         0         0         0         1       
  -0.98      0.18      0.097    -0.17     -0.98      0.03      0.1       0.012     0.99    
  -0.97      0.18     -0.19     -0.25     -0.8       0.55     -0.054     0.57      0.82    
  -0.96      0.097    -0.25     -0.098    -1        -0.0098   -0.25      0.015     0.97    
   0.43      0.84     -0.32     -0.9       0.38     -0.21     -0.055     0.38      0.92    
  -0.51      0.84     -0.19     -0.84     -0.53     -0.11     -0.19      0.11      0.98    
   0.22      0.47     -0.86     -0.97      0.12     -0.19      0.012     0.88      0.48    
  -0.022    -0.22     -0.98     -0.054     0.97     -0.22      1         0.048    -0.033   
  -0.99      0.093     0.044    -0.1      -0.83     -0.55     -0.015    -0.55      0.83    
  -0.96      0.2      -0.17     -0.16     -0.95     -0.26     -0.22     -0.22      0.95    
  -0.25      0.92     -0.29     -0.96     -0.27     -0.021    -0.098     0.27      0.96    
  -0.67     -0.73     -0.1       0.74     -0.66     -0.11      0.014    -0.15      0.99    
  -0.037     0.44     -0.9      -0.98     -0.18     -0.049    -0.19      0.88      0.44    
  -0.08      0.037    -1        -0.17      0.98      0.05      0.98      0.17     -0.072   
   0.22      0.62     -0.76      0.069     0.76      0.64      0.97     -0.19      0.13    
   0.1       0.97     -0.23      0.013     0.23      0.97      0.99     -0.1       0.01    
  -0.97      0.23     -0.064    -0.23     -0.97     -0.026    -0.068    -0.01      1       
  -0.16      0.75     -0.64     -0.82      0.27      0.51      0.55      0.61      0.57    
   0.2       0.42     -0.89     -0.94      0.35     -0.045     0.29      0.84      0.46    
   0.27      0.55     -0.79     -0.87      0.49      0.043     0.41      0.68      0.61    
   0.38     -0.8       0.47     -0.92     -0.37      0.12      0.076    -0.48     -0.87    
  -0.84     -0.45     -0.29     -0.31     -0.027     0.95     -0.44      0.89     -0.12    
  -0.51     -0.67      0.54     -0.86      0.4      -0.32     -0.0078   -0.63     -0.78    
   0.22     -0.87      0.44     -0.96     -0.27     -0.043     0.16     -0.41     -0.9     
   0.34      0.94     -0.02     -0.66      0.22     -0.72     -0.67      0.25      0.7     
   0.4       0.81     -0.42     -0.74      0.017    -0.67     -0.54      0.58      0.61    
   0.021     0.97     -0.22     -0.68     -0.15     -0.72     -0.73      0.17      0.66    
   0.16     -0.98     -0.12     -0.87     -0.2       0.45     -0.47      0.028    -0.88    
  -0.97      0.23     -0.088    -0.19     -0.5       0.84      0.15      0.84      0.53    
   0.7      -0.7      -0.097    -0.37     -0.48      0.79     -0.61     -0.52     -0.6     
   0.063    -0.99     -0.15     -0.7      -0.15      0.7      -0.71      0.06     -0.7     

XANCHOR
   2        -6.1       0.79    
   2        -6.2       0.68    
   2        -6.2       0.65    
   1.9      -6.2       0.54    
   2        -6.2       0.35    
   2        -6.2       0.054   
   2        -6.2       0.037   
   1.9      -6         0.68    
   1.9      -6         0.65    
   1.9      -6         0.54    
   1.9      -5.9       0.35    
   2        -5.9       0.057   
   2        -5.9       0.04    
   2        -6.1       0.79    
   2        -6.1       0.83    
   2        -6.1       0.83    
   2        -6.2       1.1     
   2        -6.2       1.1     
   2.1      -6.2       1       
   2.2      -6.2       0.99    
   2.2      -6.3       0.91    
   2.3      -6.3       0.88    
   2.3      -6.3       0.85    
   1.9      -6         1.1     
   1.9      -6         1.1     
   2        -5.9       1       
   2        -5.8       0.97    
   2        -5.7       0.91    
   2        -5.7       0.88    
   2        -5.7       0.86    

XAXIS
   0         0         1       
   0.18     -0.98      0.012   
  -0.97     -0.17      0.16    
   0.15      0.047     0.99    
   0.22     -0.97      0.012   
   0.22     -0.97      0.012   
  -0.97     -0.22      0.028   
   0.18     -0.98      0.012   
  -0.96     -0.17      0.2     
   0.23     -0.19      0.95    
  -0.037    -0.98     -0.19    
  -0.037    -0.98     -0.19    
  -1         0.039    -0.012   
   0.096     0.03      0.99    
  -0.97     -0.23      0.1     
   0.23     -0.97     -0.01    
   0.21     -0.94      0.27    
  -0.39     -0.33     -0.86    
  -0.9      -0.041     0.42    
   0.26     -0.85      0.46    
   0.52     -0.28     -0.81    
   0.13     -0.91      0.4     
  -0.86     -0.31     -0.42    
   0.22     -0.93     -0.29    
  -0.79     -0.003    -0.61    
  -0.44     -0.69      0.58    
  -0.0048   -0.64     -0.77    
  -0.25      0.74     -0.62    
   0.0093   -0.64     -0.77    
  -0.99     -0.12      0.084   

GEOM_XPOS
   0         0         0       
   2        -6.1       0.71    
   2        -6.1       0.71    
   2        -6.1       0.71    
   2        -6.2       0.66    
   1.9      -6.2       0.59    
   2        -6.2       0.62    
   2        -6.2       0.44    
   2        -6.2       0.43    
   2        -6.2       0.23    
   2        -6.2       0.27    
   2        -6.2       0.11    
   2.1      -6.2       0.046   
   2        -6.2       0.023   
   2        -6.2       0.015   
   2        -6.2       0.014   
   2        -6.2       0.013   
   2        -6.2       0.013   
   2        -6.2       0.012   
   2        -6.2       0.012   
   2        -6.2       0.013   
   1.9      -6         0.66    
   1.9      -6         0.59    
   1.9      -6         0.62    
   1.9      -5.9       0.44    
   1.9      -5.9       0.43    
   1.9      -5.9       0.23    
   1.9      -5.9       0.28    
   1.9      -5.9       0.11    
   2        -5.9       0.049   
   1.9      -5.9       0.025   
   1.9      -5.8       0.019   
   1.9      -5.8       0.018   
   1.9      -5.8       0.016   
   1.9      -5.9       0.015   
   1.9      -5.9       0.013   
   1.9      -5.9       0.012   
   1.9      -5.9       0.0097  
   2        -6.1       0.8     
   2        -6.1       0.83    
   2        -6.1       0.98    
   2        -6.1       1.1     
   2        -6.1       1.2     
   2        -6.1       0.97    
   2        -6.1       1.3     
   2        -6.2       1.1     
   2        -6.2       1.1     
   2.1      -6.2       1       
   2.1      -6.2       1       
   2.2      -6.2       0.95    
   2.2      -6.2       0.97    
   2.2      -6.3       0.9     
   2.3      -6.3       0.86    
   2.3      -6.3       0.86    
   2.3      -6.3       0.83    
   2.3      -6.3       0.75    
   2.3      -6.3       0.75    
   1.9      -6         1.1     
   2        -5.9       1.1     
   2        -5.8       0.99    
   2        -5.9       1       
   2        -5.8       0.94    
   2        -5.8       0.95    
   2        -5.7       0.9     
   2        -5.7       0.87    
   2        -5.7       0.87    
   2        -5.7       0.84    
   2        -5.6       0.78    
   2        -5.6       0.78    

GEOM_XMAT
   1         0         0         0         1         0         0         0         1       
  -0.98      0.18      0.096    -0.17     -0.98      0.03      0.1       0.013     0.99    
   0.18      0.12     -0.98     -0.98      0.032    -0.17      0.011     0.99      0.12    
  -0.98      0.18      0.096    -0.17     -0.98      0.03      0.1       0.012     0.99    
  -0.96      0.28     -0.076    -0.27     -0.75      0.61      0.11      0.6       0.79    
  -0.97      0.16     -0.19     -0.16     -0.99     -0.02     -0.19      0.011     0.98    
  -0.97      0.18      0.15     -0.17     -0.98      0.047     0.16      0.019     0.99    
   0.28      0.92     -0.28     -0.96      0.26     -0.096    -0.014     0.3       0.95    
  -0.95      0.22     -0.24     -0.22     -0.97     -0.042    -0.24      0.012     0.97    
   0.088     0.97     -0.22     -0.99      0.068    -0.098    -0.081     0.22      0.97    
  -0.95      0.22     -0.2      -0.22     -0.97     -0.035    -0.21      0.012     0.98    
  -0.95      0.22     -0.2      -0.22     -0.97     -0.035    -0.21      0.012     0.98    
   0.22      0.82     -0.52     -0.97      0.19     -0.11      0.012     0.53      0.85    
  -0.041    -0.22     -0.97     -0.058     0.97     -0.22      1         0.048    -0.053   
  -0.043     0.24     -0.97      0.061    -0.97     -0.24     -1        -0.07      0.027   
   0.038     0.22      0.97     -0.042    -0.97      0.22      1        -0.05     -0.028   
   0.038     0.22      0.97     -0.042    -0.97      0.22      1        -0.05     -0.028   
   0.038     0.22      0.97     -0.042    -0.97      0.22      1        -0.05     -0.028   
   0.038     0.22      0.97     -0.042    -0.97      0.22      1        -0.05     -0.028   
   0.038     0.22      0.97     -0.042    -0.97      0.22      1        -0.05     -0.028   
  -0.038     0.22     -0.97      0.042    -0.97     -0.22     -1        -0.05      0.028   
  -0.99     -0.023     0.17     -0.079    -0.82     -0.57      0.15     -0.58      0.8     
  -0.98      0.14     -0.12     -0.11     -0.97     -0.23     -0.15     -0.21      0.97    
  -0.96      0.12      0.23     -0.17     -0.97     -0.19      0.2      -0.22      0.95    
  -0.093     0.97     -0.23     -0.98     -0.12     -0.13     -0.16      0.21      0.97    
  -0.98     -0.037    -0.17      0.067    -0.98     -0.18     -0.16     -0.19      0.97    
   0.11      0.99     -0.13     -0.99      0.092    -0.12     -0.11      0.14      0.98    
  -0.99     -0.037    -0.11      0.056    -0.98     -0.18     -0.099    -0.19      0.98    
  -0.99     -0.037    -0.11      0.056    -0.98     -0.18     -0.099    -0.19      0.98    
  -0.037     0.82     -0.57     -0.98     -0.14     -0.13     -0.19      0.56      0.81    
  -0.1       0.037    -0.99     -0.17      0.98      0.053     0.98      0.17     -0.092   
   0.019    -0.037    -1         0.17     -0.98      0.039    -0.99     -0.17     -0.012   
  -0.019    -0.037     1        -0.17     -0.98     -0.039     0.99     -0.17      0.012   
  -0.019    -0.037     1        -0.17     -0.98     -0.039     0.99     -0.17      0.012   
  -0.019    -0.037     1        -0.17     -0.98     -0.039     0.99     -0.17      0.012   
  -0.019    -0.037     1        -0.17     -0.98     -0.039     0.99     -0.17      0.012   
  -0.019    -0.037     1        -0.17     -0.98     -0.039     0.99     -0.17      0.012   
   0.019    -0.037    -1         0.17     -0.98      0.039    -0.99     -0.17     -0.012   
   0.21     -0.23     -0.95      0.056     0.97     -0.22      0.98     -0.007     0.22    
   0.23      0.1      -0.97     -0.97      0.013    -0.23     -0.01      0.99      0.1     
  -0.97      0.23     -0.035    -0.23     -0.97     -0.015    -0.038    -0.0064    1       
  -0.029    -0.16     -0.99     -0.017     0.99     -0.16      1         0.013    -0.032   
  -0.97      0.23     -0.07     -0.22     -0.97     -0.027    -0.074    -0.01      1       
  -0.97     -0.23      0.026    -0.23      0.97      0.016    -0.029     0.01     -1       
  -0.97      0.23     -0.026    -0.23     -0.97     -0.016    -0.029    -0.01      1       
  -0.35      0.38     -0.86     -0.84      0.28      0.46      0.41      0.88      0.22    
   0.1       0.39     -0.92     -0.94      0.33      0.033     0.31      0.86      0.4     
   0.4       0.51     -0.76     -0.78      0.63      0.0021    0.48      0.59      0.65    
  -0.34     -0.26      0.9      -0.53      0.85      0.041    -0.78     -0.46     -0.42    
   0.36     -0.79      0.5      -0.92     -0.39      0.057     0.15     -0.48     -0.86    
  -0.81      0.26     -0.52     -0.45     -0.85      0.28     -0.37      0.46      0.81    
  -0.84     -0.52     -0.15     -0.31      0.25      0.92     -0.44      0.82     -0.37    
  -0.7       0.49      0.52      0.39      0.87     -0.3      -0.6      -0.0057   -0.8     
  -0.86      0.13     -0.5      -0.31     -0.91      0.29     -0.42      0.4       0.82    
   0.18     -0.45     -0.87     -0.93      0.22     -0.3       0.33      0.86     -0.38    
   0.3      -0.86      0.42     -0.95     -0.26      0.15     -0.015    -0.45     -0.9     
  -0.75      0.53     -0.4      -0.53     -0.84     -0.12     -0.4       0.12      0.91    
   0.55      0.76     -0.34     -0.57      0.042    -0.82     -0.61      0.64      0.46    
   0.46      0.79     -0.41     -0.67      0.00081  -0.74     -0.59      0.61      0.53    
  -0.15      0.97     -0.2      -0.69     -0.25     -0.68     -0.71      0.038     0.7     
  -0.9       0.0048    0.44      0.34      0.64      0.69     -0.28      0.77     -0.58    
   0.13     -0.98     -0.12     -0.84     -0.18      0.52     -0.53      0.034    -0.85    
  -0.97     -0.0048    0.25     -0.19     -0.64     -0.74      0.16     -0.77      0.62    
  -0.97      0.24     -0.017    -0.19     -0.72      0.66      0.15      0.65      0.75    
  -0.7      -0.7      -0.12     -0.51      0.37      0.78     -0.5       0.61     -0.62    
  -0.99      0.0093    0.14     -0.12     -0.64     -0.76      0.084    -0.77      0.63    
  -0.0048    0.18     -0.98     -0.57     -0.81     -0.15     -0.82      0.56      0.11    
   0.091    -0.99     -0.1      -0.82     -0.13      0.56     -0.57      0.032    -0.82    
  -0.97     -0.2       0.14      0.085    -0.82     -0.57      0.22     -0.54      0.81    

SITE_XPOS
   1.9      -6.1       0.71    
   2        -6.2       0.0028  
   1.9      -5.9       0.0047  
   2        -6.1       0.98    
   2.3      -6.3       0.78    
   2        -5.6       0.8     

SITE_XMAT
  -0.98      0.18      0.096    -0.17     -0.98      0.03      0.1       0.012     0.99    
  -0.97      0.22      0.038    -0.22     -0.97     -0.042     0.028    -0.05      1       
  -1        -0.037    -0.019     0.039    -0.98     -0.17     -0.012    -0.17      0.99    
  -0.97      0.23     -0.026    -0.23     -0.97     -0.016    -0.029    -0.01      1       
   0.47      0.22     -0.86     -0.11     -0.94     -0.31     -0.88      0.24     -0.42    
  -0.14      0.012    -0.99      0.75     -0.65     -0.12     -0.65     -0.76      0.084   

CAM_XPOS
   3.7      -7.2       1.1     

CAM_XMAT
   0.55     -0.17      0.82      0.83      0.11     -0.54     -1.1e-16   0.98      0.2     

LIGHT_XPOS
   0         0         1.5     
   2        -6.1       2.8     

LIGHT_XDIR
   0         0        -1       
   0         0        -1       

SUBTREE_COM
   2        -6.1       0.71    
   0         0         0       
   2        -6.1       0.71    
   2        -6.2       0.4     
   2        -6.2       0.34    
   2        -6.2       0.26    
   2        -6.2       0.18    
   2        -6.2       0.026   
   2        -6.2       0.021   
   1.9      -5.9       0.4     
   1.9      -5.9       0.34    
   1.9      -5.9       0.26    
   1.9      -5.9       0.18    
   1.9      -5.9       0.028   
   1.9      -5.9       0.023   
   2        -6.1       1       
   2        -6.1       1       
   2        -6.1       0.83    
   2.1      -6.2       0.98    
   2.2      -6.2       0.95    
   2.2      -6.2       0.92    
   2.3      -6.3       0.89    
   2.3      -6.3       0.84    
   2.3      -6.3       0.84    
   2.3      -6.3       0.78    
   2        -5.8       0.97    
   2        -5.8       0.95    
   2        -5.8       0.92    
   2        -5.7       0.89    
   2        -5.7       0.85    
   2        -5.7       0.85    
   2        -5.6       0.81    

CDOF
   0         0         0         1         0         0       
   0         0         0         0         1         0       
   0         0         0         0         0         1       
  -0.98     -0.17      0.1       0.012    -0.077    -0.021   
   0.18     -0.98      0.012     0.078     0.014     0.011   
   0.096     0.03      0.99     -0.025     0.015     0.0019  
   0.18     -0.98      0.012    -0.023    -0.0038    0.021   
  -0.97     -0.17      0.16     -0.031     0.05     -0.14    
   0.15      0.047     0.99     -0.14      0.013     0.021   
   0.22     -0.97      0.012    -0.35     -0.08      0.023   
   0.22     -0.97      0.012    -0.64     -0.15     -0.039   
  -0.97     -0.22      0.028    -0.15      0.65     -0.15    
   0.18     -0.98      0.012    -0.023    -0.0038    0.021   
  -0.96     -0.17      0.2       0.0085    0.06      0.092   
   0.23     -0.19      0.95      0.071     0.048    -0.0077  
  -0.037    -0.98     -0.19     -0.38      0.0026    0.06    
  -0.037    -0.98     -0.19     -0.67      0.019     0.031   
  -1         0.039    -0.012     0.024     0.66      0.2     
   0.096     0.03      0.99     -0.025     0.015     0.0019  
  -0.97     -0.23      0.1       0.026    -0.12     -0.02    
   0.23     -0.97     -0.01      0.12      0.028     0.0038  
   0.21     -0.94      0.27      0.32      0.074     0.013   
  -0.39     -0.33     -0.86      0.26     -0.12     -0.072   
  -0.9      -0.041     0.42     -0.054    -0.35     -0.15    
   0.26     -0.85      0.46      0.17     -0.017    -0.12    
   0.52     -0.28     -0.81      0.21      0.32      0.027   
   0.13     -0.91      0.4       0.081    -0.087    -0.22    
  -0.86     -0.31     -0.42      0.13      0.0035   -0.27    
   0.22     -0.93     -0.29      0.33      0.074     0.014   
  -0.79     -0.003    -0.61     -0.068    -0.31      0.09    
  -0.44     -0.69      0.58      0.33     -0.15      0.076   
  -0.0048   -0.64     -0.77     -0.021     0.023    -0.019   
  -0.25      0.74     -0.62     -0.35     -0.039     0.093   
   0.0093   -0.64     -0.77     -0.16      0.0076   -0.0083  
  -0.99     -0.12      0.084     0.05     -0.15      0.39    

CINERT
   0         0         0         0         0         0         0         0         0         0       
   0         0         0         0         0         0         0         0         0         0       
   0.013     0.01      0.011    -0.0012   -3.6e-05   0.00031  -0.056    -0.093     0.015     3.8     
   0.03      0.0045    0.026     0.00017   9.2e-05  -0.0089    0.00045  -0.18     -0.064     1.4     
   0.063     0.032     0.037    -0.0088   -0.0076   -0.03     -0.059    -0.23     -0.2       1.5     
   0.22      0.19      0.033    -0.0028   -0.0037   -0.074    -0.016    -0.23     -0.56      1.7     
   0.49      0.45      0.044     0.008     0.029    -0.13      0.057    -0.28     -0.92      1.9     
   0.032     0.031     0.0017    0.00075   0.0037   -0.0062    0.0057   -0.0097   -0.047     0.074   
   0.3       0.29      0.015     0.0034    0.018    -0.058     0.026    -0.084    -0.42      0.61    
   0.015     0.007     0.013     0.0046   -0.0027    0.0059   -0.054     0.11     -0.067     1.4     
   0.044     0.041     0.028     0.013    -0.017     0.02     -0.13      0.15     -0.2       1.5     
   0.22      0.2       0.038     0.015    -0.038     0.07     -0.12      0.21     -0.56      1.7     
   0.5       0.45      0.062     0.016    -0.043     0.16     -0.093     0.33     -0.91      1.9     
   0.033     0.03      0.0029    0.00024  -0.00079   0.0092   -0.0012    0.014    -0.047     0.074   
   0.31      0.29      0.029     0.0063   -0.021     0.085    -0.03      0.12     -0.41      0.61    
   0.0023    0.0022    0.00029  -4e-05     0.0002    0.00048  -0.0019   -0.0049    0.021     0.21    
   0.0013    0.0013    4.3e-05   1.5e-06  -7.8e-06   0.00021   6.4e-05  -0.0017    0.011     0.086   
   0.9       0.89      0.031     0.00095   0.052     0.029    -0.15     -0.084     2.5       7.8     
   0.12      0.1       0.018     0.0035   -0.0083    0.042     0.022    -0.11      0.27      0.72    
   0.096     0.084     0.023     0.0095   -0.021     0.036     0.059    -0.1       0.22      0.64    
   0.081     0.089     0.046     0.022    -0.04      0.034     0.14     -0.12      0.21      0.73    
   0.054     0.069     0.054     0.026    -0.034     0.026     0.14     -0.11      0.14      0.6     
   0.0065    0.0093    0.0093    0.0044   -0.0044    0.0032    0.023    -0.017     0.017     0.085   
   0.033     0.053     0.061     0.029    -0.022     0.016     0.14     -0.099     0.077     0.48    
   0.015     0.03      0.041     0.019    -0.0064    0.0044    0.084    -0.056     0.02      0.25    
   0.11      0.1       0.01      0.0026    0.009    -0.03     -0.024     0.079     0.27      0.72    
   0.092     0.075     0.017     0.0007    0.0017   -0.035    -0.0049    0.1       0.22      0.64    
   0.096     0.055     0.044    -0.0058   -0.0064   -0.047     0.024     0.18      0.2       0.73    
   0.086     0.032     0.056    -0.0047   -0.0035   -0.041     0.015     0.18      0.14      0.6     
   0.013     0.0032    0.0099   -0.00037  -0.00021  -0.0056    0.0011    0.029     0.016     0.085   
   0.08      0.013     0.067    -0.00099  -0.00046  -0.029     0.0027    0.18      0.079     0.48    
   0.053     0.0032    0.05      0.0012    0.00023  -0.012    -0.0027    0.11      0.027     0.25    

ACTUATOR_LENGTH
   1.1     
   0.32    
   0.22    
   0.93    
   0.15    
   0.66    
  -0.66    
  -0.49    
   0.86    
  -0.015   
   0.11    
   0.046   
   0.074   
  -0.17    
   0.052   
   0.007   
   0.19    
  -0.24    
   0.17    
  -0.025   
  -0.19    
   0.1     
   0.016   
  -0.018   
   0.13    
  -0.24    
  -0.061   
  -0.089   
   0.016   

actuator_moment
-------------------------------------
                      x              |
                       x             |
                        x            |
                         x           |
                          x          |
                             x       |
                              x      |
                               x     |
                                x    |
                                 x   |
       x                             |
         x                           |
             x                       |
               x                     |
                   x                 |
        x                            |
          x                          |
              x                      |
                x                    |
                           x         |
                            x        |
                                  x  |
                                   x |
                    x                |
                     x               |
           x                         |
            x                        |
                 x                   |
                  x                  |
-------------------------------------

ACTUATOR_MOMENT
    21:  1       
    22:  1       
    23:  1       
    24:  1       
    25:  1       
    28:  1       
    29:  1       
    30:  1       
    31:  1       
    32:  1       
     6:  1       
     8:  1       
    12:  1       
    14:  1       
    18:  1       
     7:  1       
     9:  1       
    13:  1       
    15:  1       
    26:  1       
    27:  1       
    33:  1       
    34:  1       
    19:  1       
    20:  1       
    10:  1       
    11:  1       
    16:  1       
    17:  1       

CRB
   0         0         0         0         0         0         0         0         0         0       
   0         0         0         0         0         0         0         0         0         0       
   4.1       3.6       0.88      0.16     -0.17      0.03     -2.5e-06   7.6e-06  -8.8e-07   33      
   1.1       1         0.16      0.00074   0.039    -0.31      0.014    -1        -2.2       7.2     
   1.1       0.99      0.13      0.00058   0.039    -0.3       0.013    -0.83     -2.1       5.8     
   1         0.96      0.094     0.0093    0.047    -0.27      0.072    -0.6      -1.9       4.3     
   0.82      0.77      0.06      0.012     0.05     -0.2       0.089    -0.37     -1.4       2.6     
   0.33      0.32      0.016     0.0041    0.022    -0.064     0.032    -0.094    -0.46      0.68    
   0.3       0.29      0.015     0.0034    0.018    -0.058     0.026    -0.084    -0.42      0.61    
   1.1       1         0.17      0.055    -0.12      0.35     -0.43      0.95     -2.2       7.2     
   1.1       1         0.16      0.051    -0.12      0.34     -0.38      0.83     -2.1       5.8     
   1.1       0.96      0.13      0.037    -0.1       0.32     -0.24      0.68     -1.9       4.3     
   0.84      0.76      0.094     0.022    -0.065     0.25     -0.12      0.47     -1.4       2.6     
   0.34      0.32      0.032     0.0065   -0.021     0.094    -0.031     0.14     -0.46      0.68    
   0.31      0.29      0.029     0.0063   -0.021     0.085    -0.03      0.12     -0.41      0.61    
   1.8       1.6       0.54      0.11     -0.084    -0.0087    0.47      0.16      4.4       15      
   1.8       1.6       0.54      0.11     -0.084    -0.0092    0.48      0.16      4.4       15      
   1.8       1.6       0.54      0.11     -0.084    -0.0094    0.48      0.16      4.4       15      
   0.4       0.44      0.25      0.11     -0.14      0.16      0.61     -0.61      0.96      3.5     
   0.29      0.33      0.23      0.11     -0.13      0.12      0.59     -0.5       0.69      2.8     
   0.19      0.25      0.21      0.1      -0.11      0.083     0.53     -0.4       0.47      2.2     
   0.11      0.16      0.16      0.078    -0.067     0.049     0.39     -0.28      0.26      1.4     
   0.054     0.092     0.11      0.052    -0.033     0.023     0.25     -0.17      0.11      0.82    
   0.048     0.083     0.1       0.047    -0.029     0.02      0.22     -0.16      0.097     0.74    
   0.015     0.03      0.041     0.019    -0.0064    0.0044    0.084    -0.056     0.02      0.25    
   0.53      0.28      0.25     -0.0073    0.00035  -0.2       0.012     0.86      0.94      3.5     
   0.42      0.18      0.24     -0.0099   -0.0086   -0.17      0.036     0.78      0.67      2.8     
   0.33      0.11      0.23     -0.011    -0.01     -0.13      0.04      0.68      0.46      2.2     
   0.23      0.051     0.18     -0.0048   -0.004    -0.088     0.017     0.5       0.26      1.4     
   0.15      0.02      0.13     -0.00013  -0.00044  -0.047     0.0011    0.32      0.12      0.82    
   0.13      0.017     0.12      0.00024  -0.00023  -0.041     2.8e-05   0.29      0.11      0.74    
   0.053     0.0032    0.05      0.0012    0.00023  -0.012    -0.0027    0.11      0.027     0.25    

QM
   33      
   0         33      
   0         0         33      
   0.39     -2.6      -0.68      4.4     
   2.6       0.47      0.37      0.049     3.8     
  -0.82      0.5       0.064    -0.22     -0.16      0.91    
   2         0.36     -0.011     0.022     1.1       0.23      0.92    
   0.32     -1.8       0.0075    1        -0.0013   -0.11     -0.0012    0.78    
  -0.1       0.43     -0.0042   -0.26     -0.014     0.035    -0.011    -0.2       0.069   
   0.44      0.1       0.064    -0.0018    0.31      0.053     0.26     -0.011     0.00091   0.14    
   0.019     0.0041   -0.016    -0.0024    0.016     0.0025    0.014    -0.00061   2.4e-05   0.0075    0.01    
   0.0022   -0.0097   -0.00049   0.0077    0.00034  -0.00092   0.00029   0.0064   -0.0016   -2.1e-05   2.2e-05   0.0076  
   2         0.36     -0.1      -0.025     1.1      -0.39                                                                  0.89    
   0.25     -1.8      -0.33      1        -0.033    -0.064                                                                -0.029     0.78    
   0.021     0.42      0.078    -0.26      0.054     0.0083                                                                0.045    -0.19      0.067   
   0.46     -0.02      0.018     0.054     0.3      -0.11                                                                  0.26      0.042    -0.0011    0.14    
   0.02      0.0021   -0.015     0.0044    0.017    -0.0057                                                                0.015     0.0024   -4.1e-05   0.0083    0.01    
  -0.00037  -0.0098   -0.0017    0.008    -0.0016   -0.00019                                                              -0.0014    0.0064   -0.0016   -1.6e-06  -5.8e-06   0.0076  
  -0.4       0.28      0.03      0.0074    0.044     0.55                                                                                                                              0.56    
  -0.62      2.5      -0.34      1.1       0.096    -0.0061                                                                                                                           -0.0061    1       
  -2.5      -0.58      0.56     -0.006     0.84      0.019                                                                                                                             0.019     0.038     0.73    
   0.37      0.22      0.49      0.13      0.062     0.11                                                                                                                              0.11      0.13      0.067     0.19    
   0.063    -0.56      0.19     -0.045     0.045    -0.13                                                                                                                             -0.13     -0.018     0.045    -0.005     0.16    
   0.034    -0.11      0.06      0.0029    0.014    -0.028                                                                                                                            -0.028     0.0089    0.014     0.0082    0.042     0.019   
   0.15      0.089     0.082     0.029     0.012     0.052                                                                                                                             0.052     0.027     0.016     0.066    -0.014    -0.00053   0.038   
   0.0031    0.002     0.0013    0.00023   0.00061   0.001                                                                                                                             0.001     0.00021   0.00072   0.0017   -0.00025  -0.00041   0.0011    0.0041  
   0.035     0.013     0.017     0.0054    0.0052    0.011                                                                                                                             0.011     0.0055    0.0062    0.017    -0.0011    0.00063   0.01      0.00051   0.0089  
   0.004    -0.017     0.0044    0.0011    0.0013   -0.0053                                                                                                                           -0.0053    0.002     0.0013   -5.6e-05   0.0075    0.0032   -0.0008   -9.7e-05   9.7e-06   0.0061  
   0.51      0.046     0.25     -0.1      -0.044    -0.17                                                                                                                             -0.17     -0.1      -0.016                                                                           0.15    
   0.29     -0.37     -0.37      0.063    -0.057    -0.12                                                                                                                             -0.12      0.079    -0.047                                                                           0.021     0.16    
  -0.0019   -0.09     -0.11      0.035    -0.0069   -0.0033                                                                                                                           -0.0033    0.038    -0.0087                                                                         -0.014     0.039     0.02    
   0.19      0.022    -0.019    -0.00097  -0.017    -0.077                                                                                                                            -0.077    -0.00086  -0.0067                                                                          0.055     0.032    -0.0002    0.038   
  -0.00068  -0.0029   -0.0033    0.0014   -0.0005   -5.6e-05                                                                                                                          -5.6e-05   0.0015   -0.0006                                                                         -0.00092   0.0015    0.0004   -0.00016   0.004   
   0.04      0.0046   -0.0034   -0.00041  -0.0015   -0.019                                                                                                                            -0.019    -0.00028   0.00066                                                                         0.014     0.008    -0.00011   0.01     -7.5e-05   0.0091  
   0.0002   -0.012    -0.014     0.0065   -0.0011   -0.00065                                                                                                                          -0.00065   0.007    -0.0014                                                                         -0.002     0.0067    0.0033    7e-05     0.00025  -4.2e-06   0.0061  

M
     0:  33      
     0:  0          1:  33      
     0:  0          1:  0          2:  33      
     0:  0.39       1: -2.6        2: -0.68       3:  4.4     
     0:  2.6        1:  0.47       2:  0.37       3:  0.049      4:  3.8     
     0: -0.82       1:  0.5        2:  0.064      3: -0.22       4: -0.16       5:  0.91    
     0:  2          1:  0.36       2: -0.011      3:  0.022      4:  1.1        5:  0.23       6:  0.92    
     0:  0.32       1: -1.8        2:  0.0075     3:  1          4: -0.0013     5: -0.11       6: -0.0012     7:  0.78    
     0: -0.1        1:  0.43       2: -0.0042     3: -0.26       4: -0.014      5:  0.035      6: -0.011      7: -0.2        8:  0.069   
     0:  0.44       1:  0.1        2:  0.064      3: -0.0018     4:  0.31       5:  0.053      6:  0.26       7: -0.011      8:  0.00091    9:  0.14    
     0:  0.019      1:  0.0041     2: -0.016      3: -0.0024     4:  0.016      5:  0.0025     6:  0.014      7: -0.00061    8:  2.4e-05    9:  0.0075    10:  0.01    
     0:  0.0022     1: -0.0097     2: -0.00049    3:  0.0077     4:  0.00034    5: -0.00092    6:  0.00029    7:  0.0064     8: -0.0016     9: -2.1e-05   10:  2.2e-05   11:  0.0076  
     0:  2          1:  0.36       2: -0.1        3: -0.025      4:  1.1        5: -0.39      12:  0.89    
     0:  0.25       1: -1.8        2: -0.33       3:  1          4: -0.033      5: -0.064     12: -0.029     13:  0.78    
     0:  0.021      1:  0.42       2:  0.078      3: -0.26       4:  0.054      5:  0.0083    12:  0.045     13: -0.19      14:  0.067   
     0:  0.46       1: -0.02       2:  0.018      3:  0.054      4:  0.3        5: -0.11      12:  0.26      13:  0.042     14: -0.0011    15:  0.14    
     0:  0.02       1:  0.0021     2: -0.015      3:  0.0044     4:  0.017      5: -0.0057    12:  0.015     13:  0.0024    14: -4.1e-05   15:  0.0083    16:  0.01    
     0: -0.00037    1: -0.0098     2: -0.0017     3:  0.008      4: -0.0016     5: -0.00019   12: -0.0014    13:  0.0064    14: -0.0016    15: -1.6e-06   16: -5.8e-06   17:  0.0076  
     0: -0.4        1:  0.28       2:  0.03       3:  0.0074     4:  0.044      5:  0.55      18:  0.56    
     0: -0.62       1:  2.5        2: -0.34       3:  1.1        4:  0.096      5: -0.0061    18: -0.0061    19:  1       
     0: -2.5        1: -0.58       2:  0.56       3: -0.006      4:  0.84       5:  0.019     18:  0.019     19:  0.038     20:  0.73    
     0:  0.37       1:  0.22       2:  0.49       3:  0.13       4:  0.062      5:  0.11      18:  0.11      19:  0.13      20:  0.067     21:  0.19    
     0:  0.063      1: -0.56       2:  0.19       3: -0.045      4:  0.045      5: -0.13      18: -0.13      19: -0.018     20:  0.045     21: -0.005     22:  0.16    
     0:  0.034      1: -0.11       2:  0.06       3:  0.0029     4:  0.014      5: -0.028     18: -0.028     19:  0.0089    20:  0.014     21:  0.0082    22:  0.042     23:  0.019   
     0:  0.15       1:  0.089      2:  0.082      3:  0.029      4:  0.012      5:  0.052     18:  0.052     19:  0.027     20:  0.016     21:  0.066     22: -0.014     23: -0.00053   24:  0.038   
     0:  0.0031     1:  0.002      2:  0.0013     3:  0.00023    4:  0.00061    5:  0.001     18:  0.001     19:  0.00021   20:  0.00072   21:  0.0017    22: -0.00025   23: -0.00041   24:  0.0011    25:  0.0041  
     0:  0.035      1:  0.013      2:  0.017      3:  0.0054     4:  0.0052     5:  0.011     18:  0.011     19:  0.0055    20:  0.0062    21:  0.017     22: -0.0011    23:  0.00063   24:  0.01      25:  0.00051   26:  0.0089  
     0:  0.004      1: -0.017      2:  0.0044     3:  0.0011     4:  0.0013     5: -0.0053    18: -0.0053    19:  0.002     20:  0.0013    21: -5.6e-05   22:  0.0075    23:  0.0032    24: -0.0008    25: -9.7e-05   26:  9.7e-06   27:  0.0061  
     0:  0.51       1:  0.046      2:  0.25       3: -0.1        4: -0.044      5: -0.17      18: -0.17      19: -0.1       20: -0.016     28:  0.15    
     0:  0.29       1: -0.37       2: -0.37       3:  0.063      4: -0.057      5: -0.12      18: -0.12      19:  0.079     20: -0.047     28:  0.021     29:  0.16    
     0: -0.0019     1: -0.09       2: -0.11       3:  0.035      4: -0.0069     5: -0.0033    18: -0.0033    19:  0.038     20: -0.0087    28: -0.014     29:  0.039     30:  0.02    
     0:  0.19       1:  0.022      2: -0.019      3: -0.00097    4: -0.017      5: -0.077     18: -0.077     19: -0.00086   20: -0.0067    28:  0.055     29:  0.032     30: -0.0002    31:  0.038   
     0: -0.00068    1: -0.0029     2: -0.0033     3:  0.0014     4: -0.0005     5: -5.6e-05   18: -5.6e-05   19:  0.0015    20: -0.0006    28: -0.00092   29:  0.0015    30:  0.0004    31: -0.00016   32:  0.004   
     0:  0.04       1:  0.0046     2: -0.0034     3: -0.00041    4: -0.0015     5: -0.019     18: -0.019     19: -0.00028   20:  0.00066   28:  0.014     29:  0.008     30: -0.00011   31:  0.01      32: -7.5e-05   33:  0.0091  
     0:  0.0002     1: -0.012      2: -0.014      3:  0.0065     4: -0.0011     5: -0.00065   18: -0.00065   19:  0.007     20: -0.0014    28: -0.002     29:  0.0067    30:  0.0033    31:  7e-05     32:  0.00025   33: -4.2e-06   34:  0.0061  

QLD
     0:  7.7     
     0: -0.065      1:  11      
     0:  0.00041    1: -0.0048     2:  29      
     0:  0.38       1: -2.3        2:  0.36       3:  0.39    
     0:  5.1        1:  0.98       2: -0.029      3: -0.024      4:  0.13    
     0:  0.13       1: -1.3        2: -0.45       3:  0.12       4: -0.021      5:  0.096   
     0:  2.9        1:  0.51       2: -0.33       3: -0.0085     4:  1.3        5:  0.34       6:  0.41    
     0:  0.25       1: -2.7        2: -0.0012     3:  1.2        4: -0.097      5: -0.044      6: -0.075      7:  0.22    
     0: -1.5        1:  6.1        2: -0.069      3: -3.7        4: -0.23       5:  0.49       6: -0.19       7: -2.8        8:  0.069   
     0:  3.2        1:  0.74       2:  0.57       3:  0.00047    4:  2.2        5:  0.38       6:  1.9        7: -0.083      8:  0.0067     9:  0.13    
     0:  1.9        1:  0.41       2: -1.6        3: -0.24       4:  1.6        5:  0.25       6:  1.4        7: -0.063      8:  0.0029     9:  0.75      10:  0.01    
     0:  0.29       1: -1.3        2: -0.065      3:  1          4:  0.045      5: -0.12       6:  0.038      7:  0.84       8: -0.21       9: -0.0028    10:  0.0029    11:  0.0076  
     0:  2.9        1:  0.43       2: -0.47       3:  0.059      4:  1.3        5: -0.53      12:  0.38    
     0:  0.77       1: -2.5        2: -0.49       3:  1.3        4:  0.16       5: -0.045     12:  0.12      13:  0.23    
     0:  0.37       1:  6.3        2:  1.2        3: -3.9        4:  0.85       5:  0.11      12:  0.71      13: -2.8       14:  0.066   
     0:  3.3        1: -0.17       2:  0.23       3:  0.38       4:  2.2        5: -0.76      12:  1.8       13:  0.3       14: -0.0078    15:  0.13    
     0:  2          1:  0.21       2: -1.5        3:  0.44       4:  1.7        5: -0.57      12:  1.5       13:  0.24      14: -0.0043    15:  0.83      16:  0.01    
     0: -0.048      1: -1.3        2: -0.22       3:  1          4: -0.21       5: -0.025     12: -0.19      13:  0.84      14: -0.21      15: -0.00021   16: -0.00076   17:  0.0076  
     0: -0.29       1:  0.068      2: -0.43       3: -0.0061     4:  0.022      5:  0.92      18:  0.13    
     0: -0.73       1:  3.2        2: -0.36       3:  1.1        4:  0.052      5: -0.19      18: -0.19      19:  0.75    
     0: -3.7        1: -0.92       2:  0.36       3: -0.065      4:  1.2        5: -0.033     18: -0.033     19: -0.0014    20:  0.68    
     0:  1.2        1:  1.7        2:  4.4        3:  1.1        4:  0.48       5:  0.39      18:  0.39      19:  1.1       20:  0.45      21:  0.071   
     0:  0.65       1: -4.2        2:  1.3        3: -0.63       4:  0.28       5: -0.79      18: -0.79      19: -0.43      20:  0.3       21:  0.0062    22:  0.065   
     0:  1.9        1: -6.1        2:  3.5        3:  0.15       4:  0.76       5: -1.5       18: -1.5       19:  0.48      20:  0.77      21:  0.5       22:  2.2       23:  0.017   
     0:  4.2        1:  2.8        2:  2.4        3:  0.86       4:  0.24       5:  1.5       18:  1.5       19:  0.8       20:  0.36      21:  1.8       22: -0.47      23: -0.029     24:  0.026   
     0:  0.3        1:  0.25       2:  0.1        3: -0.016      4:  0.082      5:  0.077     18:  0.077     19: -0.019     20:  0.096     21:  0.19      22: -0.018     23: -0.098     24:  0.12      25:  0.004   
     0:  3.9        1:  1.4        2:  1.9        3:  0.61       4:  0.59       5:  1.2       18:  1.2       19:  0.62      20:  0.69      21:  1.9       22: -0.12      23:  0.07      24:  1.1       25:  0.057     26:  0.0089  
     0:  0.66       1: -2.8        2:  0.72       3:  0.18       4:  0.22       5: -0.88      18: -0.88      19:  0.32      20:  0.22      21: -0.0092    22:  1.2       23:  0.53      24: -0.13      25: -0.016     26:  0.0016    27:  0.0061  
     0:  3.9        1: -0.62       2:  3.6        3: -1.3        4: -0.4        5: -0.96      18: -0.96      19: -1.2       20: -0.18      28:  0.059   
     0:  2.1        1: -3.5        2: -2.3        3: -0.065      4: -0.48       5: -0.7       18: -0.7       19:  0.078     20: -0.39      28:  0.057     29:  0.061   
     0: -0.05       1: -4.6        2: -5.5        3:  1.7        4: -0.35       5: -0.19      18: -0.19      19:  1.9       20: -0.44      28: -0.72      29:  1.9       30:  0.018   
     0:  5.5        1:  0.63       2: -0.58       3: -0.021      4: -0.57       5: -2.1       18: -2.1       19: -0.023     20: -0.29      28:  1.5       29:  0.86      30: -0.0044    31:  0.026   
     0: -0.088      1: -0.61       2: -0.68       3:  0.28       4: -0.12       5: -0.046     18: -0.046     19:  0.3       20: -0.13      28: -0.18      29:  0.33      30:  0.066     31: -0.019     32:  0.004   
     0:  4.5        1:  0.51       2: -0.37       3: -0.045      4: -0.16       5: -2.1       18: -2.1       19: -0.031     20:  0.072     28:  1.6       29:  0.89      30: -0.012     31:  1.2       32: -0.0082    33:  0.0091  
     0:  0.033      1: -1.9        2: -2.3        3:  1.1        4: -0.18       5: -0.11      18: -0.11      19:  1.1       20: -0.23      28: -0.34      29:  1.1       30:  0.54      31:  0.011     32:  0.04      33: -0.00069   34:  0.0061  

QLDIAGINV
   0.13    
   0.092   
   0.034   
   2.5     
   7.9     
   10      
   2.5     
   4.6     
   15      
   7.5     
   1e+02   
   1.3e+02 
   2.6     
   4.3     
   15      
   7.5     
   1e+02   
   1.3e+02 
   7.9     
   1.3     
   1.5     
   14      
   15      
   59      
   38      
   2.5e+02 
   1.1e+02 
   1.6e+02 
   17      
   16      
   55      
   38      
   2.5e+02 
   1.1e+02 
   1.6e+02 

M: inertia structure
-------------------------------------
 x                                   |
 xx                                  |
 xxx                                 |
 xxxx                                |
 xxxxx                               |
 xxxxxx                              |
 xxxxxxx                             |
 xxxxxxxx                            |
 xxxxxxxxx                           |
 xxxxxxxxxx                          |
 xxxxxxxxxxx                         |
 xxxxxxxxxxxx                        |
 xxxxxx      x                       |
 xxxxxx      xx                      |
 xxxxxx      xxx                     |
 xxxxxx      xxxx                    |
 xxxxxx      xxxxx                   |
 xxxxxx      xxxxxx                  |
 xxxxxx            x                 |
 xxxxxx            xx                |
 xxxxxx            xxx               |
 xxxxxx            xxxx              |
 xxxxxx            xxxxx             |
 xxxxxx            xxxxxx            |
 xxxxxx            xxxxxxx           |
 xxxxxx            xxxxxxxx          |
 xxxxxx            xxxxxxxxx         |
 xxxxxx            xxxxxxxxxx        |
 xxxxxx            xxx       x       |
 xxxxxx            xxx       xx      |
 xxxxxx            xxx       xxx     |
 xxxxxx            xxx       xxxx    |
 xxxxxx            xxx       xxxxx   |
 xxxxxx            xxx       xxxxxx  |
 xxxxxx            xxx       xxxxxxx |
-------------------------------------

iM: block-diagonal inertia (nnzs are island ids)
-------------------------------------
 0                                   |
 00                                  |
 000                                 |
 0000                                |
 00000                               |
 000000                              |
 0000000                             |
 00000000                            |
 000000000                           |
 0000000000                          |
 00000000000                         |
 000000000000                        |
 000000      0                       |
 000000      00                      |
 000000      000                     |
 000000      0000                    |
 000000      00000                   |
 000000      000000                  |
 000000            0                 |
 000000            00                |
 000000            000               |
 000000            0000              |
 000000            00000             |
 000000            000000            |
 000000            0000000           |
 000000            00000000          |
 000000            000000000         |
 000000            0000000000        |
 000000            000       0       |
 000000            000       00      |
 000000            000       000     |
 000000            000       0000    |
 000000            000       00000   |
 000000            000       000000  |
 000000            000       0000000 |
-------------------------------------

TREE_AWAKE
  1

BODY_AWAKE
  -1 -1 1 1 1 1 1 1 1 1 1 1 1 1 1 1 1 1 1 1 1 1 1 1 1 1 1 1 1 1 1 1

BODY_AWAKE_IND
  0 1 2 3 4 5 6 7 8 9 10 11 12 13 14 15 16 17 18 19 20 21 22 23 24 25 26 27 28 29 30 31

PARENT_AWAKE_IND
  1 2 3 4 5 6 7 8 9 10 11 12 13 14 15 16 17 18 19 20 21 22 23 24 25 26 27 28 29 30 31

DOF_AWAKE_IND
  0 1 2 3 4 5 6 7 8 9 10 11 12 13 14 15 16 17 18 19 20 21 22 23 24 25 26 27 28 29 30 31 32 33 34

CONTACT
  0:
     dim           3
     geoms         terrain : robot/left_foot5_collision
     exclude       0
     efc_address   0
     solref         0.02      1       
     solimp         0.9       0.95      0.001     0.5       2       
     dist          -0.00026 
     includemargin  0       
     pos            2.1      -6.2      -0.00013 
     frame          0         0         1         0.98      0.22      0        -0.22      0.98      0       
     friction       0.6       0.6       0.005     0.0001    0.0001  
     mu             0.6     
     force          12       -3.4       4         0         0         0       
  1:
     dim           3
     geoms         terrain : robot/left_foot6_collision
     exclude       0
     efc_address   4
     solref         0.02      1       
     solimp         0.9       0.95      0.001     0.5       2       
     dist          -0.00044 
     includemargin  0       
     pos            2.1      -6.2      -0.00022 
     frame          0         0         1         0.98      0.22      0        -0.22      0.98      0       
     friction       0.6       0.6       0.005     0.0001    0.0001  
     mu             0.6     
     force          1.7e+02  -18        19        0         0         0       
  2:
     dim           3
     geoms         terrain : robot/right_foot7_collision
     exclude       0
     efc_address   8
     solref         0.02      1       
     solimp         0.9       0.95      0.001     0.5       2       
     dist          -0.00055 
     includemargin  0       
     pos            1.9      -5.9      -0.00028 
     frame          0         0         1        -1         0.039     0        -0.039    -1         0       
     friction       0.6       0.6       0.005     0.0001    0.0001  
     mu             0.6     
     force          1.5e+02  -27        25        0         0         0       

EFC_TYPE
  6
  6
  6
  6
  6
  6
  6
  6
  6
  6
  6
  6

EFC_ID
  0
  0
  0
  0
  1
  1
  1
  1
  2
  2
  2
  2

EFC_J
   0.59      0.13      1         0.11      0.58      0.062     0.53     -0.0061    0.0015    0.32      0.083     0.0089    0         0         0         0         0         0         0         0         0         0         0         0         0         0         0         0         0         0         0         0         0         0         0       
  -0.59     -0.13      1         0.14     -0.36     -0.091    -0.29      0.028    -0.011    -0.096     0.018     0.0086    0         0         0         0         0         0         0         0         0         0         0         0         0         0         0         0         0         0         0         0         0         0         0       
  -0.13      0.59      1        -0.33      0.087     0.094     0.1      -0.36      0.14      0.11      0.051    -0.012     0         0         0         0         0         0         0         0         0         0         0         0         0         0         0         0         0         0         0         0         0         0         0       
   0.13     -0.59      1         0.59      0.13     -0.12      0.14      0.39     -0.15      0.11      0.05      0.03      0         0         0         0         0         0         0         0         0         0         0         0         0         0         0         0         0         0         0         0         0         0         0       
   0.59      0.13      1         0.12      0.57      0.066     0.52      0.0029    0.0051    0.31      0.076     0.017     0         0         0         0         0         0         0         0         0         0         0         0         0         0         0         0         0         0         0         0         0         0         0       
  -0.59     -0.13      1         0.15     -0.37     -0.096    -0.3       0.036    -0.017    -0.1       0.01      0.016     0         0         0         0         0         0         0         0         0         0         0         0         0         0         0         0         0         0         0         0         0         0         0       
  -0.13      0.59      1        -0.33      0.079     0.088     0.092    -0.36      0.14      0.11      0.043    -0.0047    0         0         0         0         0         0         0         0         0         0         0         0         0         0         0         0         0         0         0         0         0         0         0       
   0.13     -0.59      1         0.6       0.12     -0.12      0.13      0.4      -0.15      0.1       0.042     0.038     0         0         0         0         0         0         0         0         0         0         0         0         0         0         0         0         0         0         0         0         0         0         0       
  -0.6       0.024     1        -0.31     -0.54      0.16      0         0         0         0         0         0        -0.47     -0.18     -0.0037   -0.28     -0.13      0.022     0         0         0         0         0         0         0         0         0         0         0         0         0         0         0         0         0       
   0.6      -0.024     1        -0.13      0.38     -0.11      0         0         0         0         0         0         0.33     -0.036     0.027     0.14     -0.066     0.021     0         0         0         0         0         0         0         0         0         0         0         0         0         0         0         0         0       
  -0.024    -0.6       1         0.24     -0.18      0.053     0         0         0         0         0         0        -0.16      0.28     -0.045    -0.076    -0.11      0.045     0         0         0         0         0         0         0         0         0         0         0         0         0         0         0         0         0       
   0.024     0.6       1        -0.69      0.022    -0.0065    0         0         0         0         0         0         0.019    -0.49      0.068    -0.06     -0.087    -0.0019    0         0         0         0         0         0         0         0         0         0         0         0         0         0         0         0         0       

IEFC_J
   0.59      0.13      1         0.11      0.58      0.062     0.53     -0.0061    0.0015    0.32      0.083     0.0089    0         0         0         0         0         0         0         0         0         0         0         0         0         0         0         0         0         0         0         0         0         0         0       
  -0.59     -0.13      1         0.14     -0.36     -0.091    -0.29      0.028    -0.011    -0.096     0.018     0.0086    0         0         0         0         0         0         0         0         0         0         0         0         0         0         0         0         0         0         0         0         0         0         0       
  -0.13      0.59      1        -0.33      0.087     0.094     0.1      -0.36      0.14      0.11      0.051    -0.012     0         0         0         0         0         0         0         0         0         0         0         0         0         0         0         0         0         0         0         0         0         0         0       
   0.13     -0.59      1         0.59      0.13     -0.12      0.14      0.39     -0.15      0.11      0.05      0.03      0         0         0         0         0         0         0         0         0         0         0         0         0         0         0         0         0         0         0         0         0         0         0       
   0.59      0.13      1         0.12      0.57      0.066     0.52      0.0029    0.0051    0.31      0.076     0.017     0         0         0         0         0         0         0         0         0         0         0         0         0         0         0         0         0         0         0         0         0         0         0       
  -0.59     -0.13      1         0.15     -0.37     -0.096    -0.3       0.036    -0.017    -0.1       0.01      0.016     0         0         0         0         0         0         0         0         0         0         0         0         0         0         0         0         0         0         0         0         0         0         0       
  -0.13      0.59      1        -0.33      0.079     0.088     0.092    -0.36      0.14      0.11      0.043    -0.0047    0         0         0         0         0         0         0         0         0         0         0         0         0         0         0         0         0         0         0         0         0         0         0       
   0.13     -0.59      1         0.6       0.12     -0.12      0.13      0.4      -0.15      0.1       0.042     0.038     0         0         0         0         0         0         0         0         0         0         0         0         0         0         0         0         0         0         0         0         0         0         0       
  -0.6       0.024     1        -0.31     -0.54      0.16      0         0         0         0         0         0        -0.47     -0.18     -0.0037   -0.28     -0.13      0.022     0         0         0         0         0         0         0         0         0         0         0         0         0         0         0         0         0       
   0.6      -0.024     1        -0.13      0.38     -0.11      0         0         0         0         0         0         0.33     -0.036     0.027     0.14     -0.066     0.021     0         0         0         0         0         0         0         0         0         0         0         0         0         0         0         0         0       
  -0.024    -0.6       1         0.24     -0.18      0.053     0         0         0         0         0         0        -0.16      0.28     -0.045    -0.076    -0.11      0.045     0         0         0         0         0         0         0         0         0         0         0         0         0         0         0         0         0       
   0.024     0.6       1        -0.69      0.022    -0.0065    0         0         0         0         0         0         0.019    -0.49      0.068    -0.06     -0.087    -0.0019    0         0         0         0         0         0         0         0         0         0         0         0         0         0         0         0         0       

EFC_POS
  -0.00026 
  -0.00026 
  -0.00026 
  -0.00026 
  -0.00044 
  -0.00044 
  -0.00044 
  -0.00044 
  -0.00055 
  -0.00055 
  -0.00055 
  -0.00055 

EFC_MARGIN
   0       
   0       
   0       
   0       
   0       
   0       
   0       
   0       
   0       
   0       
   0       
   0       

EFC_FRICTIONLOSS
   0       
   0       
   0       
   0       
   0       
   0       
   0       
   0       
   0       
   0       
   0       
   0       

EFC_DIAGA
   0.49    
   0.49    
   0.49    
   0.49    
   0.49    
   0.49    
   0.49    
   0.49    
   0.49    
   0.49    
   0.49    
   0.49    

EFC_KBIP
   2.8e+03   1.1e+02   0.91     -53      
   2.8e+03   1.1e+02   0.91     -53      
   2.8e+03   1.1e+02   0.91     -53      
   2.8e+03   1.1e+02   0.91     -53      
   2.8e+03   1.1e+02   0.92     -87      
   2.8e+03   1.1e+02   0.92     -87      
   2.8e+03   1.1e+02   0.92     -87      
   2.8e+03   1.1e+02   0.92     -87      
   2.8e+03   1.1e+02   0.93     -90      
   2.8e+03   1.1e+02   0.93     -90      
   2.8e+03   1.1e+02   0.93     -90      
   2.8e+03   1.1e+02   0.93     -90      

EFC_D
   20      
   20      
   20      
   20      
   23      
   23      
   23      
   23      
   27      
   27      
   27      
   27      

EFC_R
   0.05    
   0.05    
   0.05    
   0.05    
   0.043   
   0.043   
   0.043   
   0.043   
   0.037   
   0.037   
   0.037   
   0.037   

ACTUATOR_VELOCITY
   0.18    
  -0.1     
   0.93    
  -0.58    
   1.1     
  -0.15    
   0.066   
   0.59    
   0.41    
   1.3     
  -0.22    
  -0.51    
   0.11    
  -0.77    
  -0.39    
  -0.082   
   0.27    
  -0.17    
  -0.11    
   0.52    
  -0.68    
  -0.82    
  -0.72    
  -0.051   
  -0.15    
   0.13    
  -0.45    
   0.39    
   1.1     

CVEL
   0         0         0         0         0         0       
   0         0         0         0         0         0       
   0.075    -0.037     0.23     -0.0088   -0.03     -0.0027  
   0.037     0.18      0.22     -0.004    -0.029    -0.0073  
   0.12      0.19      0.21     -0.0014   -0.033     0.004   
   0.038     0.17     -0.29      0.07     -0.039    -0.0068  
   0.099    -0.1      -0.29     -0.025    -0.061    -0.00054 
   0.13     -0.23     -0.29     -0.11     -0.081    -0.0057  
   0.56     -0.13     -0.3      -0.042    -0.37      0.059   
   0.093    -0.14      0.23     -0.011    -0.03     -0.00036 
   0.26     -0.11      0.19     -0.013    -0.04     -0.016   
   0.079     0.032    -0.54     -0.068    -0.078    -0.01    
   0.083     0.14     -0.52     -0.028    -0.078    -0.016   
   0.068    -0.24     -0.59     -0.29     -0.07     -0.0047  
  -0.99     -0.2      -0.61     -0.26      0.63      0.21    
   0.037    -0.049    -0.17      0.00082  -0.036    -0.0034  
   0.086    -0.037    -0.17     -0.00048  -0.029    -0.0024  
   0.052     0.11     -0.17     -0.018    -0.034    -0.003   
   0.089    -0.058    -0.12      0.038    -0.02     -0.00062 
   0.13     -0.025    -0.033     0.011    -0.0085    0.0068  
  -0.71     -0.063     0.36     -0.039    -0.34     -0.13    
  -0.86      0.43      0.093    -0.14     -0.33     -0.06    
  -0.28      0.12     -0.8       0.098     0.021    -0.03    
  -0.22     -0.35     -0.59      0.14     -0.025    -0.15    
   0.37     -0.14     -0.31      0.05     -0.027     0.04    
   0.019     0.25     -0.13     -0.066    -0.045    -0.005   
  -0.033     0.25     -0.17     -0.071    -0.065     0.00092 
  -0.3      -0.16      0.18      0.12     -0.15      0.046   
  -0.3      -0.43     -0.14      0.11     -0.14      0.038   
  -0.62      0.54     -0.94     -0.34     -0.19      0.16    
  -0.62      1.1      -0.31     -0.21     -0.2       0.17    
   0.092     1.1      -0.37     -0.25     -0.092    -0.11    

CDOF_DOT
   0         0         0         0         0         0       
   0         0         0         0         0         0       
   0         0         0         0         0         0       
   0        -0         0        -0.0045    0.0052   -0.035   
   0         0        -0        -0.005    -0.00072   0.013   
   0         0         0        -0.037     0.0063    0.0034  
   0.22      0.039    -0.067    -0.0029   -0.0071    0.013   
   0.067    -0.22      0.16     -0.041     0.0057   -0.02    
   0.18     -0.082    -0.024    -0.031    -0.03      0.033   
  -0.28     -0.065    -0.074    -0.026     0.099    -0.0046  
  -0.28     -0.065    -0.074    -0.039     0.19     -0.04    
  -0.07      0.28     -0.25      0.22      0.071    -0.0057  
   0.22      0.039    -0.067    -0.0029   -0.0071    0.013   
   0.01     -0.24     -0.15     -0.033    -0.0041   -0.02    
  -0.072    -0.2      -0.022    -0.05      0.024     0.032   
  -0.54      0.034    -0.076     0.0079    0.19      0.076   
  -0.54      0.034    -0.076     0.013     0.35      0.12    
   0.026     0.6      -0.24      0.35     -0.027    -0.03    
  -0.043    -0.052     0.0058   -0.033     0.0028    0.0028  
  -0.042     0.16     -0.055    -0.023    -0.00031  -0.038   
  -0.17     -0.038    -0.075     0.0025   -0.021     0.014   
  -0.13     -0.049    -0.072     0.0022   -0.05     -0.0061  
   0.01      0.12     -0.052     0.0075    0.0076   -0.016   
  -0.012    -0.025    -0.027    -0.011     0.01     -0.055   
   0.28      0.42      0.62     -0.25     -0.044     0.14    
  -0.32     -0.65      0.017     0.23     -0.098    -0.15    
  -0.68      0.0096    0.24     -0.12     -0.17     -0.076   
  -0.035     0.41     -0.24      0.064     0.047    -0.019   
  -0.19     -0.023    -0.073     0.021    -0.062    -0.0069  
  -0.15      0.11      0.19      0.0093   -0.03     -0.024   
   0.027     0.093     0.13     -0.043    -0.012    -0.055   
   0.24     -0.23      0.19      0.15      0.085    -0.09    
   0.37     -0.15     -0.33      0.015     0.14     -0.089   
  -1        -0.48      0.39      0.25     -0.12      0.3     
   0.054     0.36      1.1       0.37      0.079    -0.13    

QFRC_BIAS
  -0.3     
  -0.36    
   3.3e+02 
  -6.8     
   3.5     
   0.65    
  -0.16    
   0.17    
  -0.067   
   0.61    
  -0.16    
  -0.0038  
  -1.2     
  -3.3     
   0.78    
   0.13    
  -0.15    
  -0.017   
   0.28    
  -3.4     
   5.5     
   4.9     
   1.9     
   0.61    
   0.82    
   0.013   
   0.17    
   0.048   
   2.5     
  -3.7     
  -1.1     
  -0.19    
  -0.033   
  -0.031   
  -0.14    

QFRC_SPRING
   0       
   0       
   0       
   0       
   0       
   0       
   0       
   0       
   0       
   0       
   0       
   0       
   0       
   0       
   0       
   0       
   0       
   0       
   0       
   0       
   0       
   0       
   0       
   0       
   0       
   0       
   0       
   0       
   0       
   0       
   0       
   0       
   0       
   0       
   0       

QFRC_DAMPER
   0       
   0       
   0       
   0       
   0       
   0       
   0       
   0       
   0       
   0       
   0       
   0       
   0       
   0       
   0       
   0       
   0       
   0       
   0       
   0       
   0       
   0       
   0       
   0       
   0       
   0       
   0       
   0       
   0       
   0       
   0       
   0       
   0       
   0       
   0       

QFRC_GRAVCOMP
   0       
   0       
   0       
   0       
   0       
   0       
   0       
   0       
   0       
   0       
   0       
   0       
   0       
   0       
   0       
   0       
   0       
   0       
   0       
   0       
   0       
   0       
   0       
   0       
   0       
   0       
   0       
   0       
   0       
   0       
   0       
   0       
   0       
   0       
   0       

QFRC_FLUID
   0       
   0       
   0       
   0       
   0       
   0       
   0       
   0       
   0       
   0       
   0       
   0       
   0       
   0       
   0       
   0       
   0       
   0       
   0       
   0       
   0       
   0       
   0       
   0       
   0       
   0       
   0       
   0       
   0       
   0       
   0       
   0       
   0       
   0       
   0       

QFRC_PASSIVE
   0       
   0       
   0       
   0       
   0       
   0       
   0       
   0       
   0       
   0       
   0       
   0       
   0       
   0       
   0       
   0       
   0       
   0       
   0       
   0       
   0       
   0       
   0       
   0       
   0       
   0       
   0       
   0       
   0       
   0       
   0       
   0       
   0       
   0       
   0       

EFC_VEL
   0.0068  
  -0.0036  
  -0.0054  
   0.0087  
  -0.00077 
  -0.0084  
  -0.01    
   0.001   
   0.0066  
  -0.0053  
  -0.0055  
   0.0068  

EFC_AREF
  -0.055   
   1       
   1.2     
  -0.25    
   1.2     
   2       
   2.2     
   1       
   0.72    
   2       
   2       
   0.71    

SUBTREE_LINVEL
   0.0029   -0.041    -0.0064  
   0         0         0       
   0.0029   -0.041    -0.0064  
  -0.0058   -0.022    -0.01    
  -0.011    -0.021    -0.0099  
  -0.017    -0.02     -0.011   
  -0.013    -0.017    -0.012   
   0.0052   -0.00045  -0.012   
   0.0059    0.002    -0.013   
  -0.012    -0.019     0.0015  
  -0.0089   -0.016     0.0014  
  -0.006    -0.013     0.002   
  -0.0035   -0.013     0.0019  
  -0.003    -0.012    -0.0044  
  -0.0013   -0.011    -0.0056  
   0.016    -0.062    -0.0086  
   0.016    -0.062    -0.0087  
   0.016    -0.062    -0.0087  
  -0.012    -0.089    -0.0071  
  -0.014    -0.097    -0.0057  
  -0.017    -0.11     -0.0039  
  -0.027    -0.13     -0.0025  
  -0.034    -0.16      0.00034 
  -0.034    -0.16      0.0012  
  -0.029    -0.16      0.0057  
   0.048    -0.069    -0.026   
   0.051    -0.075    -0.034   
   0.054    -0.082    -0.044   
   0.062    -0.089    -0.056   
   0.064    -0.097    -0.067   
   0.062    -0.099    -0.068   
   0.035    -0.098    -0.061   

SUBTREE_ANGMOM
   0.17      0.13     -0.1     
   0         0         0       
   0.17      0.13     -0.1     
   0.0088    0.014     6.8e-05 
   0.0067    0.0029   -3.4e-05 
   0.0043   -0.0056   -0.00098 
   0.0031   -0.0043   -0.00094 
   0.00029  -0.00041  -0.00058 
   0.00021  -0.00037  -0.00052 
   0.011    -0.01     -0.0042  
   0.0044   -0.0049   -0.003   
   3.1e-05  -0.0007   -0.0029  
   0.00025   0.00046  -0.0016  
  -0.00017  -0.00046  -0.00093 
  -0.00018  -0.00039  -0.00091 
  -0.044     0.013    -0.085   
  -0.045     0.012    -0.085   
  -0.045     0.012    -0.085   
  -0.013     0.0019   -0.013   
  -0.01      0.0018   -0.009   
  -0.0067    0.0015   -0.0049  
  -0.0025    0.00031  -0.0016  
  -0.00015  -0.00038  -0.00023 
  -9e-06    -0.00036  -0.00012 
   0.00013  -8.6e-05  -5.6e-06 
  -0.016    -0.00079  -0.0038  
  -0.0098   -0.0011   -0.0019  
  -0.0048   -0.00087  -0.00044 
  -0.0015    0.0006    0.00066 
  -9.8e-05   0.0011    0.0007  
   2.6e-05   0.001     0.00065 
   0.00011   0.00037   0.00013 

ACTUATOR_FORCE
   4.9     
   0.76    
   1.8     
  -0.58    
   1.7     
   2.2     
  -3.8     
   0.075   
   1.2     
   1.7     
  -11      
  -7.2     
   3.2     
  -2.4     
  -3.2     
   5.4     
  -8.2     
  -6       
   0.52    
   1.5     
  -1.5     
  -1.4     
  -1.7     
  -6.4     
   3.9     
  -7.5     
  -4.2     
   15      
  -1.1     

QFRC_ACTUATOR
   0       
   0       
   0       
   0       
   0       
   0       
  -11      
   5.4     
  -7.2     
  -8.2     
  -7.5     
  -4.2     
   3.2     
  -6       
  -2.4     
   0.52    
   15      
  -1.1     
  -3.2     
  -6.4     
   3.9     
   4.9     
   0.76    
   1.8     
  -0.58    
   1.7     
   1.5     
  -1.5     
   2.2     
  -3.8     
   0.075   
   1.2     
   1.7     
  -1.4     
  -1.7     

QFRC_SMOOTH
   0.3     
   0.36    
  -3.3e+02 
   6.8     
  -3.5     
  -0.65    
  -11      
   5.2     
  -7.1     
  -8.8     
  -7.3     
  -4.2     
   4.3     
  -2.7     
  -3.2     
   0.39    
   15      
  -1.1     
  -3.5     
  -3       
  -1.6     
   0.021   
  -1.1     
   1.2     
  -1.4     
   1.7     
   1.3     
  -1.6     
  -0.31    
  -0.15    
   1.2     
   1.4     
   1.7     
  -1.4     
  -1.6     

QACC_SMOOTH
  -4.4     
   0.49    
  -11      
   6.6     
   67      
   1.1e+02 
  -1e+02   
  -68      
  -3.5e+02 
   0.24    
  -7.3e+02 
  -5.5e+02 
  -0.53    
  -65      
  -2.7e+02 
  -1.2e+02 
   1.6e+03 
  -1.3e+02 
  -1.5e+02 
  -40      
  -94      
   1.4e+02 
  -97      
   2.9e+02 
  -2.7e+02 
   4.4e+02 
   2.6e+02 
  -3.3e+02 
  -38      
  -1.1e+02 
   2.7e+02 
   2e+02   
   4.5e+02 
  -2.8e+02 
  -3.2e+02 

EFC_B
  -88      
  -28      
  -63      
  -53      
  -89      
  -26      
  -62      
  -54      
  -1.9e+02 
  -1.3e+02 
  -1.9e+02 
  -1.3e+02 

EFC_FORCE
   0       
   5.7     
   6.7     
   0       
   29      
   58      
   59      
   28      
   16      
   61      
   59      
   18      

EFC_STATE
  1
  1
  1
  1
  1
  1
  1
  1
  1
  1
  1
  1

QFRC_CONSTRAINT
   0.42    
  -8.4     
   3.4e+02 
  -2.8     
   5.7     
  -3       
   5.5     
  -10      
   4       
   12      
   6.9     
   2.2     
   3.8     
   2.6     
   0.11    
  -1.4     
  -14      
   4.3     
   0       
   0       
   0       
   0       
   0       
   0       
   0       
   0       
   0       
   0       
   0       
   0       
   0       
   0       
   0       
   0       
   0       

QFRC_INVERSE
   0       
   0       
   0       
   0       
   0       
   0       
   0       
   0       
   0       
   0       
   0       
   0       
   0       
   0       
   0       
   0       
   0       
   0       
   0       
   0       
   0       
   0       
   0       
   0       
   0       
   0       
   0       
   0       
   0       
   0       
   0       
   0       
   0       
   0       
   0       

CACC
   0         0         0        -0        -0         9.8     
   0         0         0         0         0         9.8     
  -13       -24        1e+02    -2.9       0.8       10      
  -29        64        1e+02    -0.88      1.1       8.1     
   58        79        89        1.9      -3.3       20      
   16        67       -1.8e+02   40       -6.8       15      
   40       -41       -1.8e+02   1.7      -16        17      
   27        15       -1.8e+02   39       -7.2       19      
   2.7e+02   71       -1.9e+02   77       -1.7e+02   56      
  -1.8      -88        1.1e+02  -4.4       0.55      11      
   74       -75        90       -5        -4.2       4.2     
   19       -31       -1.3e+02  -22       -16        6       
   23        54       -1.2e+02   11       -16        0.78    
   18       -56       -1.4e+02  -65       -13        4.3     
  -4.1e+02  -39       -1.4e+02  -54        2.7e+02   89      
  -27       -28       -33        0.52     -1.3       9.7     
   29       -15       -39       -0.96      5.6       11      
   21        21       -39       -5.4       4.6       11      
   38       -56       -17        20        11        12      
   78       -22        71       -6.2       23        19      
  -1.9e+02  -34        2e+02    -22       -83       -25      
  -2.5e+02   1.5e+02   95       -59       -79        2.4     
  -20        30       -2.6e+02   34        59        14      
   15       -2.1e+02  -1.5e+02   56        36       -47      
   2.9e+02  -1.2e+02  -16        13        35        42      
   3         95       -16       -31       -1.3       9.6     
   63        95        30       -26        22        2.9     
  -46       -73        1.7e+02   54       -13        22      
  -47       -2.2e+02  -8.5       49       -8         17      
  -1.6e+02   1.1e+02  -2.8e+02  -1.1e+02  -25        58      
  -1.6e+02   2.9e+02  -65       -63       -27        60      
   1.6e+02   3.3e+02  -93       -80        21       -65      

CFRC_INT
  -2.1e+03  -6.7e+02  -17        0.42     -8.4       3.4e+02 
  -2.1e+03  -6.7e+02  -17        0.42     -8.4       3.4e+02 
  -2.8e-14  -4.1e-13  -1.2e-13   1.7e-13   1.8e-14  -2.8e-13 
   2         8.1       1.3       29       -15       -90      
   4.2       8.7      -0.68      15       -15       -1.1e+02 
   7.2       8.6      -1.8       8.4      -16       -1.3e+02 
   10        4.8      -0.12      18       -16       -1.5e+02 
   15        1.9       1.6       27       -13       -1.8e+02 
   16        2.2       1.6       27       -13       -1.8e+02 
  -4.4      -5.2       0.27     -24        19       -1.1e+02 
  -5        -6.1      -1.1      -12        24       -1.2e+02 
  -5.5      -7.4      -2.1      -6.1       27       -1.3e+02 
  -6.9      -5        -0.67     -15        27       -1.4e+02 
  -10       -1.3       1.2      -25        25       -1.5e+02 
  -10       -1.4       1.2      -25        25       -1.5e+02 
   3.5      -3.2      -2.4      -3.4      -1.1       1.6e+02 
   3.6      -3.2      -2.4      -2.8      -1.5       1.6e+02 
   3.6      -3.2      -2.4      -2.5      -1.6       1.6e+02 
  -7.7      -10       -1.3      -13        3.9       37      
  -8        -9.3      -0.82     -10        6.9       31      
  -6.7      -8.3      -0.73     -8.9       5.6       26      
  -3.1      -6.4      -2.2      -8.4      -1.9       17      
  -1.4      -4.3      -2        -5.3      -3.6       11      
  -1.3      -3.9      -1.7      -4.4      -3.2       9.8     
  -0.86     -1.4       0.62      0.15      1.6       3.9     
   6.8       1.5      -0.47      4.2       4.3       36      
   5.3      -0.5      -0.038    -0.14      5.7       27      
   4        -0.92      0.078    -1         5.1       18      
   2.6       0.78     -1.4       4.2       1.8       8.4     
   1.4       0.91     -1.3       3.7       0.35      3.2     
   1.3       0.76     -1         3         0.27      2.9     
   1.2       0.032     0.49     -1.1       1.2       2.8     

CFRC_EXT
   0         0         0         0         0         0       
   2.1e+03   6.7e+02   17       -0.42      8.4      -3.4e+02 
   0         0         0         0         0         0       
   0         0         0         0         0         0       
   0         0         0         0         0         0       
   0         0         0         0         0         0       
   0         0         0         0         0         0       
   0         0         0         0         0         0       
  -14       -3.5      -1.5      -26        17        1.9e+02 
   0         0         0         0         0         0       
   0         0         0         0         0         0       
   0         0         0         0         0         0       
   0         0         0         0         0         0       
   0         0         0         0         0         0       
   10        0.77     -1.6       26       -26        1.5e+02 
   0         0         0         0         0         0       
   0         0         0         0         0         0       
   0         0         0         0         0         0       
   0         0         0         0         0         0       
   0         0         0         0         0         0       
   0         0         0         0         0         0       
   0         0         0         0         0         0       
   0         0         0         0         0         0       
   0         0         0         0         0         0       
   0         0         0         0         0         0       
   0         0         0         0         0         0       
   0         0         0         0         0         0       
   0         0         0         0         0         0       
   0         0         0         0         0         0       
   0         0         0         0         0         0       
   0         0         0         0         0         0       
   0         0         0         0         0         0       

TREE_ISLAND
  0

ISLAND_NTREE
  1

ISLAND_ITREEADR
  0

MAP_ITREE2TREE
  0

DOF_ISLAND            0 0 0 0 0 0 0 0 0 0 0 0 0 0 0 0 0 0 0 0 0 0 0 0 0 0 0 0 0 0 0 0 0 0 0

ISLAND_NV             35

ISLAND_IDOFADR        0

MAP_IDOF2DOF          0 1 2 3 4 5 6 7 8 9 10 11 12 13 14 15 16 17 18 19 20 21 22 23 24 25 26 27 28 29 30 31 32 33 34

EFC_ISLAND            0 0 0 0 0 0 0 0 0 0 0 0

ISLAND_NEFC           12

ISLAND_IEFCADR        0

MAP_IEFC2EFC          0 1 2 3 4 5 6 7 8 9 10 11

